layer,b01,b02,b03,b04,b05,b06,b07,b08,b09,b10,b11,b12,b13,b14,b15,b16,b17,b18,b19,b20,b21,b22,b23,b24,b25,b26,b27,b28,b29,b30,b31,b32,b33,b34,b35,b36,b37
b01,1.000000000000e+00,-1.800291028949e-01,-1.479110317903e-02,-1.479109156624e-02,-1.244594398112e-02,-1.291701180643e-02,1.521255470468e-01,8.091479269999e-02,4.538978518610e-02,7.970461447394e-02,-1.999497407780e-02,4.599915033888e-03,-8.032945651994e-03,-3.152725115883e-02,-5.474481650104e-02,1.046651360652e-01,1.474170884256e-01,1.039792722503e-01,4.522847311386e-01,-7.303015659938e-02,2.431054805550e-02,3.445269199438e-02,-3.360656940322e-03,-4.601590873471e-03,2.316973474321e-01,3.102198857719e-02,2.431054805550e-02,-3.422962052544e-02,2.374967619853e-03,2.579651097388e-02,4.494948013888e-03,-4.542121813723e-03,-1.554743500854e-01,1.760212959340e-01,-1.556676571192e-01,2.247474788203e-01,1.810684504243e-01
b02,-1.800291028949e-01,1.000000000000e+00,-6.246751982671e-02,-6.246758375196e-02,-6.718396633561e-02,-6.614456385993e-02,2.742674433922e-01,-9.405533063369e-02,-1.030522758658e-01,-1.011472738242e-01,6.238583538482e-02,8.611338147124e-02,8.959671479500e-02,3.401618853948e-02,-4.667877868144e-02,5.155768213847e-01,1.331788701091e-01,5.120384339496e-01,-4.905586935678e-02,-2.040427475564e-01,-2.632231546013e-01,-2.395830583576e-01,-3.685309006370e-01,-1.936080576561e-01,-2.822824973947e-01,-3.377642502507e-01,-2.632231546013e-01,-3.634594706659e-01,-3.534453847944e-01,-3.250239337380e-01,-3.071243118626e-01,-2.330638046388e-01,-1.490566329954e-01,3.174468065706e-02,-1.495560262384e-01,-7.391191588867e-02,3.075111024461e-01
b03,-1.479110317903e-02,-6.246751982671e-02,1.000000000000e+00,1.000000000000e+00,9.744689433571e-01,9.838417421185e-01,-2.095172806278e-01,-5.614738477826e-04,5.047111553805e-02,-1.025635375766e-02,-1.430610303562e-02,-1.587542404326e-02,-6.510817054219e-03,1.681465551922e-01,1.835967553756e-01,3.812794608060e-02,5.009237854550e-02,3.777771385130e-02,-2.197554071389e-02,-6.911498253815e-02,7.213283463307e-04,1.000367178662e-02,-1.004267163636e-02,3.957039797627e-02,-1.576853164320e-02,2.942615835447e-03,7.213283463307e-04,-9.955498344282e-02,-8.999707559520e-02,-8.017438845805e-02,8.906357509276e-02,3.410747596747e-02,-5.638388218800e-02,6.696656443225e-02,-5.651729512757e-02,-4.521250087560e-02,6.695542010279e-02
b04,-1.479109156624e-02,-6.246758375196e-02,1.000000000000e+00,1.000000000000e+00,9.744689437621e-01,9.838417424192e-01,-2.095172973892e-01,-5.614678094670e-04,5.047112194916e-02,-1.025634722535e-02,-1.430610698192e-02,-1.587542950600e-02,-6.510822778048e-03,1.681465523351e-01,1.835967576352e-01,3.812791284025e-02,5.009236979784e-02,3.777768083944e-02,-2.197553747760e-02,-6.911496916649e-02,7.213452359636e-04,1.000368712193e-02,-1.004264794538e-02,3.957041024257e-02,-1.576851346432e-02,2.942637499900e-03,7.213452359636e-04,-9.955495971846e-02,-8.999705255182e-02,-8.017436727800e-02,8.906359444563e-02,3.410749078776e-02,-5.638387239615e-02,6.696656212655e-02,-5.651728530314e-02,-4.521249595100e-02,6.695540009964e-02
b05,-1.244594398112e-02,-6.718396633561e-02,9.744689433571e-01,9.744689437621e-01,1.000000000000e+00,9.989138694632e-01,-1.917445923809e-01,-3.384303340357e-03,3.497463053069e-02,-1.094507580906e-02,-1.433926744963e-02,-1.591164660401e-02,-9.424204009744e-03,1.277195617302e-01,1.396484626108e-01,3.798791504519e-02,5.036743064336e-02,3.780631369825e-02,-1.531745257449e-02,-6.238933306696e-02,1.514774858172e-02,2.373242001000e-02,1.140491063229e-02,5.910283011892e-02,-1.465861474933e-03,2.353020282537e-02,1.514774858172e-02,-9.162075289964e-02,-8.774677472997e-02,-8.113296915928e-02,1.321312648052e-01,5.722940489161e-02,-5.663424283743e-02,6.742913653568e-02,-5.674517388277e-02,-3.782199853308e-02,5.727342337390e-02
b06,-1.291701180643e-02,-6.614456385993e-02,9.838417421185e-01,9.838417424192e-01,9.989138694632e-01,1.000000000000e+00,-1.963650630449e-01,-2.783897966692e-03,3.834778405360e-02,-1.081701317098e-02,-1.435597608732e-02,-1.593073772509e-02,-8.823196382441e-03,1.366326444856e-01,1.493291697191e-01,3.806847739434e-02,5.044798610018e-02,3.775361355813e-02,-1.661537956275e-02,-6.396776879314e-02,1.157433417206e-02,2.032007951886e-02,5.926959896402e-03,5.414707764244e-02,-4.712577041220e-03,1.829735502292e-02,1.157433417206e-02,-9.355929482333e-02,-8.846824274181e-02,-8.113910090494e-02,1.213107422576e-01,5.135604561519e-02,-5.667498293217e-02,6.746702149306e-02,-5.680398681297e-02,-3.933821988141e-02,5.966955701510e-02
b07,1.521255470468e-01,2.742674433922e-01,-2.095172806278e-01,-2.095172973892e-01,-1.917445923809e-01,-1.963650630449e-01,1.000000000000e+00,1.693000693608e-03,1.208163482186e-02,-2.787826231107e-03,5.355576253199e-02,7.536203332566e-02,6.088583539657e-02,8.161134853310e-03,7.590030491778e-03,7.922413131929e-01,9.142157020687e-01,7.923939436479e-01,3.344045269338e-01,-3.613822737357e-01,6.100571897522e-02,1.103521495506e-01,2.797827451303e-03,8.761710720382e-02,1.815507665642e-01,1.262538286568e-01,6.100571897522e-02,-1.244693513829e-01,-7.647060347440e-02,-2.454757899960e-02,1.454913306112e-02,5.217738855592e-02,-5.811171773746e-01,5.089915261270e-01,-5.810370532244e-01,2.502147083460e-01,5.191491815968e-01
b08,8.091479269999e-02,-9.405533063369e-02,-5.614738477826e-04,-5.614678094670e-04,-3.384303340357e-03,-2.783897966692e-03,1.693000693608e-03,1.000000000000e+00,9.298542997669e-01,9.970340928868e-01,-1.102606791060e-02,6.484689501069e-02,6.408121875357e-02,5.311433558122e-02,3.072246142751e-02,3.161135291877e-02,4.485193804470e-02,3.133064789074e-02,7.431811744963e-02,-7.338490544938e-02,-2.923304477083e-03,6.880178978391e-03,5.108070962434e-02,-1.815670753628e-02,8.529080311941e-02,6.007845726512e-02,-2.923304477083e-03,1.056811974349e-01,1.108794193390e-01,7.698903130095e-02,3.294252218272e-02,2.695719889392e-03,-4.954965065744e-02,5.999063836885e-02,-4.961697485258e-02,-3.243144119393e-02,9.255522031539e-02
b09,4.538978518610e-02,-1.030522758658e-01,5.047111553805e-02,5.047112194916e-02,3.497463053069e-02,3.834778405360e-02,1.208163482186e-02,9.298542997669e-01,1.000000000000e+00,9.168985780462e-01,-1.103111057141e-02,1.714508085877e-01,2.480377763106e-01,3.333724357049e-01,3.571813760288e-01,6.270332267505e-02,8.415634498598e-02,6.241913785691e-02,7.180690287558e-02,-9.676144213607e-02,-8.874215324653e-03,3.980944410973e-03,7.695567909538e-02,-3.485921662587e-02,9.725782797465e-02,9.466814421129e-02,-8.874215324653e-03,1.591046348209e-01,1.710526688821e-01,1.199886612588e-01,5.665453967699e-02,5.268816186535e-03,-9.485358204102e-02,1.135832713768e-01,-9.463687726205e-02,-6.788248420252e-03,1.372915085786e-01
b10,7.970461447394e-02,-1.011472738242e-01,-1.025635375766e-02,-1.025634722535e-02,-1.094507580906e-02,-1.081701317098e-02,-2.787826231107e-03,9.970340928868e-01,9.168985780462e-01,1.000000000000e+00,-1.006847184135e-02,-6.422031854178e-03,-6.137290443907e-03,-7.012285828429e-03,-5.264488303661e-03,2.846149850176e-02,4.040271299650e-02,2.818556382098e-02,6.675504203336e-02,-6.873916343251e-02,4.860910560728e-04,9.714680205884e-03,5.626840695496e-02,-1.610146100374e-02,8.541388293139e-02,6.395089324957e-02,4.860910560728e-04,1.133084990367e-01,1.167216014766e-01,8.126340037042e-02,3.630525745951e-02,5.495629022680e-03,-4.463368184028e-02,5.409912315040e-02,-4.471695679357e-02,-4.299416510073e-02,8.373341979686e-02
b11,-1.999497407780e-02,6.238583538482e-02,-1.430610303562e-02,-1.430610698192e-02,-1.433926744963e-02,-1.435597608732e-02,5.355576253199e-02,-1.102606791060e-02,-1.103111057141e-02,-1.006847184135e-02,1.000000000000e+00,5.540279748556e-03,-8.467232426915e-03,-1.061356783238e-02,-7.245088181663e-03,3.373594783474e-02,3.439105375095e-02,3.341981023996e-02,-5.984253282888e-02,-3.347786295950e-02,-4.767528306713e-02,-4.386023210466e-02,-7.276345796287e-02,-3.349290924471e-02,-6.254855356924e-02,-6.026735622654e-02,-4.767528306713e-02,-6.297048867301e-02,-6.913429049021e-02,-6.913026590607e-02,-6.250329755102e-02,-4.739789142047e-02,-4.301341078346e-02,5.040760036597e-02,-4.312115773879e-02,8.796794525867e-03,6.222923893595e-02
b12,4.599915033888e-03,8.611338147124e-02,-1.587542404326e-02,-1.587542950600e-02,-1.591164660401e-02,-1.593073772509e-02,7.536203332566e-02,6.484689501069e-02,1.714508085877e-01,-6.422031854178e-03,5.540279748556e-03,1.000000000000e+00,9.342276323326e-01,7.232723231521e-01,3.796416674380e-01,3.172843820461e-02,4.314306724152e-02,3.138431298051e-02,7.832059811043e-02,5.969370717445e-03,-2.604972940684e-02,-2.722000730655e-02,-2.430742130375e-02,-2.144051927454e-02,2.813021335817e-02,-1.240560193106e-02,-2.604972940684e-02,-2.850351251160e-02,-1.159032738911e-02,-5.304729147902e-03,-1.788665415656e-02,-2.300005318125e-02,-4.854624949491e-02,5.891135919568e-02,-4.866610526730e-02,1.662039019960e-01,6.374667774530e-02
b13,-8.032945651994e-03,8.959671479500e-02,-6.510817054219e-03,-6.510822778048e-03,-9.424204009744e-03,-8.823196382441e-03,6.088583539657e-02,6.408121875357e-02,2.480377763106e-01,-6.137290443907e-03,-8.467232426915e-03,9.342276323326e-01,1.000000000000e+00,8.785978283129e-01,5.583408391631e-01,4.200711803963e-02,5.485600774103e-02,4.165962337775e-02,6.279682439438e-02,-4.293604401197e-02,-1.342875973226e-02,-7.859136560973e-03,1.298134532537e-02,-2.613120369759e-02,3.424634270036e-02,2.629231217516e-02,-1.342875973226e-02,2.936041892217e-02,4.957236548935e-02,4.300181812360e-02,1.136809599851e-02,-7.212629507800e-03,-6.252083507123e-02,7.475416308841e-02,-6.230508007952e-02,1.097414957298e-01,1.036050386667e-01
b14,-3.152725115883e-02,3.401618853948e-02,1.681465551922e-01,1.681465523351e-01,1.277195617302e-01,1.366326444856e-01,8.161134853310e-03,5.311433558122e-02,3.333724357049e-01,-7.012285828429e-03,-1.061356783238e-02,7.232723231521e-01,8.785978283129e-01,1.000000000000e+00,8.622817865172e-01,5.944825741718e-02,7.761342735315e-02,5.912476600560e-02,2.131010103809e-02,-7.082997567561e-02,-1.943816907608e-02,-1.021166866208e-02,1.594154486321e-02,-3.548525732340e-02,1.337853885936e-02,3.444702447956e-02,-1.943816907608e-02,3.976672672405e-02,6.613574590498e-02,5.294871791417e-02,1.673529414059e-02,-1.034649887183e-02,-8.774393960405e-02,1.034602304777e-01,-8.735346992137e-02,6.728309363094e-02,1.251712659077e-01
b15,-5.474481650104e-02,-4.667877868144e-02,1.835967553756e-01,1.835967576352e-01,1.396484626108e-01,1.493291697191e-01,7.590030491778e-03,3.072246142751e-02,3.571813760288e-01,-5.264488303661e-03,-7.245088181663e-03,3.796416674380e-01,5.583408391631e-01,8.622817865172e-01,1.000000000000e+00,7.083858617078e-02,9.329207013981e-02,7.057418438107e-02,-8.118366782689e-03,-9.021720110875e-02,-3.328316573619e-02,-2.165213475464e-02,9.789294432565e-03,-4.459960715107e-02,-7.137864626080e-03,3.207891196495e-02,-3.328316573619e-02,4.546446056465e-02,7.006563304037e-02,4.839348683158e-02,1.389326399470e-02,-1.860413838634e-02,-1.049254886112e-01,1.232274685237e-01,-1.043317233404e-01,3.600149571407e-02,1.298221159717e-01
b16,1.046651360652e-01,5.155768213847e-01,3.812794608060e-02,3.812791284025e-02,3.798791504519e-02,3.806847739434e-02,7.922413131929e-01,3.161135291877e-02,6.270332267505e-02,2.846149850176e-02,3.373594783474e-02,3.172843820461e-02,4.200711803963e-02,5.944825741718e-02,7.083858617078e-02,1.000000000000e+00,8.168109036648e-01,9.996165676000e-01,2.245503445338e-01,-2.421486514900e-01,1.016401859226e-01,1.355671525790e-01,7.299241011972e-02,1.031669209757e-01,1.754697160635e-01,1.775517720899e-01,1.016401859226e-01,-2.493961334243e-02,8.378940396350e-03,3.898255496683e-02,7.843759595664e-02,8.053483464126e-02,-5.427621206562e-01,4.791940414472e-01,-5.426965347562e-01,1.947933141690e-01,5.035206170300e-01
b17,1.474170884256e-01,1.331788701091e-01,5.009237854550e-02,5.009236979784e-02,5.036743064336e-02,5.044798610018e-02,9.142157020687e-01,4.485193804470e-02,8.415634498598e-02,4.040271299650e-02,3.439105375095e-02,4.314306724152e-02,5.485600774103e-02,7.761342735315e-02,9.329207013981e-02,8.168109036648e-01,1.000000000000e+00,8.163800311612e-01,3.254973346076e-01,-3.046133662485e-01,1.278578699072e-01,1.705366232884e-01,8.777421722023e-02,1.194192611603e-01,2.449177952372e-01,2.094383474141e-01,1.278578699072e-01,-2.302095637822e-02,2.212211960937e-02,6.389549224730e-02,8.394458782772e-02,9.101286868159e-02,-5.695856569997e-01,5.261597564616e-01,-5.695299986470e-01,2.684265445400e-01,4.768765215692e-01
b18,1.039792722503e-01,5.120384339496e-01,3.777771385130e-02,3.777768083944e-02,3.780631369825e-02,3.775361355813e-02,7.923939436479e-01,3.133064789074e-02,6.241913785691e-02,2.818556382098e-02,3.341981023996e-02,3.138431298051e-02,4.165962337775e-02,5.912476600560e-02,7.057418438107e-02,9.996165676000e-01,8.163800311612e-01,1.000000000000e+00,2.230903399972e-01,-2.422497879098e-01,1.075578112923e-01,1.415822742812e-01,8.238333974808e-02,1.132644349655e-01,1.778601409710e-01,1.866398263946e-01,1.075578112923e-01,-2.523767280563e-02,7.811481256220e-03,3.804882456880e-02,9.775654720733e-02,9.243855905850e-02,-5.432086081991e-01,4.797475420147e-01,-5.430424512016e-01,1.931972511522e-01,5.014037705308e-01
b19,4.522847311386e-01,-4.905586935678e-02,-2.197554071389e-02,-2.197553747760e-02,-1.531745257449e-02,-1.661537956275e-02,3.344045269338e-01,7.431811744963e-02,7.180690287558e-02,6.675504203336e-02,-5.984253282888e-02,7.832059811043e-02,6.279682439438e-02,2.131010103809e-02,-8.118366782689e-03,2.245503445338e-01,3.254973346076e-01,2.230903399972e-01,1.000000000000e+00,-1.787593735812e-01,1.036135003383e-01,1.290644723681e-01,9.209159174907e-02,2.100061241072e-02,6.152473699713e-01,1.977966900362e-01,1.036135003383e-01,5.276633884433e-02,1.059148233665e-01,1.615361548670e-01,9.564386284091e-02,4.596966287354e-02,-4.916182274951e-01,5.947904294943e-01,-4.920074718508e-01,6.697712137309e-01,4.392594256446e-01
b20,-7.303015659938e-02,-2.040427475564e-01,-6.911498253815e-02,-6.911496916649e-02,-6.238933306696e-02,-6.396776879314e-02,-3.613822737357e-01,-7.338490544938e-02,-9.676144213607e-02,-6.873916343251e-02,-3.347786295950e-02,5.969370717445e-03,-4.293604401197e-02,-7.082997567561e-02,-9.021720110875e-02,-2.421486514900e-01,-3.046133662485e-01,-2.422497879098e-01,-1.787593735812e-01,1.000000000000e+00,1.711196415112e-01,3.939170226731e-02,3.778744114256e-01,-2.813016405619e-02,3.230539119859e-01,2.613596491432e-01,1.711196415112e-01,6.844664299441e-01,6.364692469109e-01,4.509776664167e-01,2.420669811816e-01,1.384693359193e-01,5.010955476476e-01,-4.189166650130e-01,5.010900329000e-01,3.669366880552e-01,-7.242129370697e-01
b21,2.431054805550e-02,-2.632231546013e-01,7.213283463307e-04,7.213452359636e-04,1.514774858172e-02,1.157433417206e-02,6.100571897522e-02,-2.923304477083e-03,-8.874215324653e-03,4.860910560728e-04,-4.767528306713e-02,-2.604972940684e-02,-1.342875973226e-02,-1.943816907608e-02,-3.328316573619e-02,1.016401859226e-01,1.278578699072e-01,1.075578112923e-01,1.036135003383e-01,1.711196415112e-01,1.000000000000e+00,9.912262444164e-01,8.035601866638e-01,9.311503582149e-01,5.193753090036e-01,8.027103188033e-01,1.000000000000e+00,3.537815546952e-01,3.551357966928e-01,4.165234011957e-01,4.738937191406e-01,6.531863220278e-01,-1.516016419391e-01,2.054063077004e-01,-1.509958246001e-01,1.372233266582e-01,-4.658500913472e-02
b22,3.445269199438e-02,-2.395830583576e-01,1.000367178662e-02,1.000368712193e-02,2.373242001000e-02,2.032007951886e-02,1.103521495506e-01,6.880178978391e-03,3.980944410973e-03,9.714680205884e-03,-4.386023210466e-02,-2.722000730655e-02,-7.859136560973e-03,-1.021166866208e-02,-2.165213475464e-02,1.355671525790e-01,1.705366232884e-01,1.415822742812e-01,1.290644723681e-01,3.939170226731e-02,9.912262444164e-01,1.000000000000e+00,7.642632043821e-01,9.481304593023e-01,4.834022328927e-01,7.790323083483e-01,9.912262444164e-01,2.669746413570e-01,2.747871471651e-01,3.619300015375e-01,4.481403805154e-01,6.438739820765e-01,-2.209761938173e-01,2.645192602902e-01,-2.203610444731e-01,8.994318345117e-02,4.991099401315e-02
b23,-3.360656940322e-03,-3.685309006370e-01,-1.004267163636e-02,-1.004264794538e-02,1.140491063229e-02,5.926959896402e-03,2.797827451303e-03,5.108070962434e-02,7.695567909538e-02,5.626840695496e-02,-7.276345796287e-02,-2.430742130375e-02,1.298134532537e-02,1.594154486321e-02,9.789294432565e-03,7.299241011972e-02,8.777421722023e-02,8.238333974808e-02,9.209159174907e-02,3.778744114256e-01,8.035601866638e-01,7.642632043821e-01,1.000000000000e+00,7.275070779803e-01,7.147982060181e-01,9.801308185558e-01,8.035601866638e-01,6.824331303692e-01,6.816285833329e-01,7.668460933753e-01,7.876611257383e-01,8.033499309426e-01,-8.140669455327e-02,2.066021120600e-01,-8.037899695129e-02,2.580083461059e-01,-1.659832186065e-01
b24,-4.601590873471e-03,-1.936080576561e-01,3.957039797627e-02,3.957041024257e-02,5.910283011892e-02,5.414707764244e-02,8.761710720382e-02,-1.815670753628e-02,-3.485921662587e-02,-1.610146100374e-02,-3.349290924471e-02,-2.144051927454e-02,-2.613120369759e-02,-3.548525732340e-02,-4.459960715107e-02,1.031669209757e-01,1.194192611603e-01,1.132644349655e-01,2.100061241072e-02,-2.813016405619e-02,9.311503582149e-01,9.481304593023e-01,7.275070779803e-01,1.000000000000e+00,3.359560537986e-01,7.304154163173e-01,9.311503582149e-01,1.177350737031e-01,1.180105047228e-01,2.160595898384e-01,4.678483305373e-01,7.380231010015e-01,-1.620814697871e-01,1.921817676589e-01,-1.610231587418e-01,-1.930570102900e-02,2.622937273278e-02
b25,2.316973474321e-01,-2.822824973947e-01,-1.576853164320e-02,-1.576851346432e-02,-1.465861474933e-03,-4.712577041220e-03,1.815507665642e-01,8.529080311941e-02,9.725782797465e-02,8.541388293139e-02,-6.254855356924e-02,2.813021335817e-02,3.424634270036e-02,1.337853885936e-02,-7.137864626080e-03,1.754697160635e-01,2.449177952372e-01,1.778601409710e-01,6.152473699713e-01,3.230539119859e-01,5.193753090036e-01,4.834022328927e-01,7.147982060181e-01,3.359560537986e-01,1.000000000000e+00,7.588282961133e-01,5.193753090036e-01,6.252536530597e-01,6.453630817800e-01,7.453794331361e-01,5.840763102361e-01,4.812222324771e-01,-3.309154069556e-01,3.992467694487e-01,-3.309963681888e-01,6.585773429040e-01,1.925527021279e-02
b26,3.102198857719e-02,-3.377642502507e-01,2.942615835447e-03,2.942637499900e-03,2.353020282537e-02,1.829735502292e-02,1.262538286568e-01,6.007845726512e-02,9.466814421129e-02,6.395089324957e-02,-6.026735622654e-02,-1.240560193106e-02,2.629231217516e-02,3.444702447956e-02,3.207891196495e-02,1.775517720899e-01,2.094383474141e-01,1.866398263946e-01,1.977966900362e-01,2.613596491432e-01,8.027103188033e-01,7.790323083483e-01,9.801308185558e-01,7.304154163173e-01,7.588282961133e-01,1.000000000000e+00,8.027103188033e-01,6.378391772212e-01,6.529914948257e-01,7.506037285204e-01,7.804748380695e-01,7.955381148074e-01,-2.730649031532e-01,3.778996837905e-01,-2.720718491631e-01,3.305865181082e-01,-2.653971107959e-02
b27,2.431054805550e-02,-2.632231546013e-01,7.213283463307e-04,7.213452359636e-04,1.514774858172e-02,1.157433417206e-02,6.100571897522e-02,-2.923304477083e-03,-8.874215324653e-03,4.860910560728e-04,-4.767528306713e-02,-2.604972940684e-02,-1.342875973226e-02,-1.943816907608e-02,-3.328316573619e-02,1.016401859226e-01,1.278578699072e-01,1.075578112923e-01,1.036135003383e-01,1.711196415112e-01,1.000000000000e+00,9.912262444164e-01,8.035601866638e-01,9.311503582149e-01,5.193753090036e-01,8.027103188033e-01,1.000000000000e+00,3.537815546952e-01,3.551357966928e-01,4.165234011957e-01,4.738937191406e-01,6.531863220278e-01,-1.516016419391e-01,2.054063077004e-01,-1.509958246001e-01,1.372233266582e-01,-4.658500913472e-02
b28,-3.422962052544e-02,-3.634594706659e-01,-9.955498344282e-02,-9.955495971846e-02,-9.162075289964e-02,-9.355929482333e-02,-1.244693513829e-01,1.056811974349e-01,1.591046348209e-01,1.133084990367e-01,-6.297048867301e-02,-2.850351251160e-02,2.936041892217e-02,3.976672672405e-02,4.546446056465e-02,-2.493961334243e-02,-2.302095637822e-02,-2.523767280563e-02,5.276633884433e-02,6.844664299441e-01,3.537815546952e-01,2.669746413570e-01,6.824331303692e-01,1.177350737031e-01,6.252536530597e-01,6.378391772212e-01,3.537815546952e-01,1.000000000000e+00,9.906718564120e-01,7.520891223059e-01,4.546418052104e-01,3.124788259904e-01,1.094189491009e-01,3.303012969204e-02,1.094471910345e-01,4.043535512134e-01,-3.340036446515e-01
b29,2.374967619853e-03,-3.534453847944e-01,-8.999707559520e-02,-8.999705255182e-02,-8.774677472997e-02,-8.846824274181e-02,-7.647060347440e-02,1.108794193390e-01,1.710526688821e-01,1.167216014766e-01,-6.913429049021e-02,-1.159032738911e-02,4.957236548935e-02,6.613574590498e-02,7.006563304037e-02,8.378940396350e-03,2.212211960937e-02,7.811481256220e-03,1.059148233665e-01,6.364692469109e-01,3.551357966928e-01,2.747871471651e-01,6.816285833329e-01,1.180105047228e-01,6.453630817800e-01,6.529914948257e-01,3.551357966928e-01,9.906718564120e-01,1.000000000000e+00,7.598836655283e-01,4.508111342396e-01,3.091636156735e-01,3.709914309358e-02,1.241332578355e-01,3.708687648091e-02,4.370619615499e-01,-2.564978331134e-01
b30,2.579651097388e-02,-3.250239337380e-01,-8.017438845805e-02,-8.017436727800e-02,-8.113296915928e-02,-8.113910090494e-02,-2.454757899960e-02,7.698903130095e-02,1.199886612588e-01,8.126340037042e-02,-6.913026590607e-02,-5.304729147902e-03,4.300181812360e-02,5.294871791417e-02,4.839348683158e-02,3.898255496683e-02,6.389549224730e-02,3.804882456880e-02,1.615361548670e-01,4.509776664167e-01,4.165234011957e-01,3.619300015375e-01,7.668460933753e-01,2.160595898384e-01,7.453794331361e-01,7.506037285204e-01,4.165234011957e-01,7.520891223059e-01,7.598836655283e-01,1.000000000000e+00,6.290009294646e-01,3.921816928409e-01,-4.164960639251e-02,1.846481924142e-01,-4.187826455663e-02,3.615439629937e-01,-1.600864461247e-01
b31,4.494948013888e-03,-3.071243118626e-01,8.906357509276e-02,8.906359444563e-02,1.321312648052e-01,1.213107422576e-01,1.454913306112e-02,3.294252218272e-02,5.665453967699e-02,3.630525745951e-02,-6.250329755102e-02,-1.788665415656e-02,1.136809599851e-02,1.673529414059e-02,1.389326399470e-02,7.843759595664e-02,8.394458782772e-02,9.775654720733e-02,9.564386284091e-02,2.420669811816e-01,4.738937191406e-01,4.481403805154e-01,7.876611257383e-01,4.678483305373e-01,5.840763102361e-01,7.804748380695e-01,4.738937191406e-01,4.546418052104e-01,4.508111342396e-01,6.290009294646e-01,1.000000000000e+00,6.128303262406e-01,-1.026819140371e-01,2.034427259419e-01,-1.002700581156e-01,1.975138406068e-01,-1.007586371160e-01
b32,-4.542121813723e-03,-2.330638046388e-01,3.410747596747e-02,3.410749078776e-02,5.722940489161e-02,5.135604561519e-02,5.217738855592e-02,2.695719889392e-03,5.268816186535e-03,5.495629022680e-03,-4.739789142047e-02,-2.300005318125e-02,-7.212629507800e-03,-1.034649887183e-02,-1.860413838634e-02,8.053483464126e-02,9.101286868159e-02,9.243855905850e-02,4.596966287354e-02,1.384693359193e-01,6.531863220278e-01,6.438739820765e-01,8.033499309426e-01,7.380231010015e-01,4.812222324771e-01,7.955381148074e-01,6.531863220278e-01,3.124788259904e-01,3.091636156735e-01,3.921816928409e-01,6.128303262406e-01,1.000000000000e+00,-1.125482367661e-01,1.766140135376e-01,-1.113003912176e-01,8.583372452960e-02,-1.036294401816e-01
b33,-1.554743500854e-01,-1.490566329954e-01,-5.638388218800e-02,-5.638387239615e-02,-5.663424283743e-02,-5.667498293217e-02,-5.811171773746e-01,-4.954965065744e-02,-9.485358204102e-02,-4.463368184028e-02,-4.301341078346e-02,-4.854624949491e-02,-6.252083507123e-02,-8.774393960405e-02,-1.049254886112e-01,-5.427621206562e-01,-5.695856569997e-01,-5.432086081991e-01,-4.916182274951e-01,5.010955476476e-01,-1.516016419391e-01,-2.209761938173e-01,-8.140669455327e-02,-1.620814697871e-01,-3.309154069556e-01,-2.730649031532e-01,-1.516016419391e-01,1.094189491009e-01,3.709914309358e-02,-4.164960639251e-02,-1.026819140371e-01,-1.125482367661e-01,1.000000000000e+00,-8.394797243365e-01,9.999850865161e-01,-3.756157827952e-01,-6.286825442001e-01
b34,1.760212959340e-01,3.174468065706e-02,6.696656443225e-02,6.696656212655e-02,6.742913653568e-02,6.746702149306e-02,5.089915261270e-01,5.999063836885e-02,1.135832713768e-01,5.409912315040e-02,5.040760036597e-02,5.891135919568e-02,7.475416308841e-02,1.034602304777e-01,1.232274685237e-01,4.791940414472e-01,5.261597564616e-01,4.797475420147e-01,5.947904294943e-01,-4.189166650130e-01,2.054063077004e-01,2.645192602902e-01,2.066021120600e-01,1.921817676589e-01,3.992467694487e-01,3.778996837905e-01,2.054063077004e-01,3.303012969204e-02,1.241332578355e-01,1.846481924142e-01,2.034427259419e-01,1.766140135376e-01,-8.394797243365e-01,1.000000000000e+00,-8.393732204820e-01,4.530765874592e-01,7.443477510601e-01
b35,-1.556676571192e-01,-1.495560262384e-01,-5.651729512757e-02,-5.651728530314e-02,-5.674517388277e-02,-5.680398681297e-02,-5.810370532244e-01,-4.961697485258e-02,-9.463687726205e-02,-4.471695679357e-02,-4.312115773879e-02,-4.866610526730e-02,-6.230508007952e-02,-8.735346992137e-02,-1.043317233404e-01,-5.426965347562e-01,-5.695299986470e-01,-5.430424512016e-01,-4.920074718508e-01,5.010900329000e-01,-1.509958246001e-01,-2.203610444731e-01,-8.037899695129e-02,-1.610231587418e-01,-3.309963681888e-01,-2.720718491631e-01,-1.509958246001e-01,1.094471910345e-01,3.708687648091e-02,-4.187826455663e-02,-1.002700581156e-01,-1.113003912176e-01,9.999850865161e-01,-8.393732204820e-01,1.000000000000e+00,-3.755736752345e-01,-6.290289560164e-01
b36,2.247474788203e-01,-7.391191588867e-02,-4.521250087560e-02,-4.521249595100e-02,-3.782199853308e-02,-3.933821988141e-02,2.502147083460e-01,-3.243144119393e-02,-6.788248420252e-03,-4.299416510073e-02,8.796794525867e-03,1.662039019960e-01,1.097414957298e-01,6.728309363094e-02,3.600149571407e-02,1.947933141690e-01,2.684265445400e-01,1.931972511522e-01,6.697712137309e-01,3.669366880552e-01,1.372233266582e-01,8.994318345117e-02,2.580083461059e-01,-1.930570102900e-02,6.585773429040e-01,3.305865181082e-01,1.372233266582e-01,4.043535512134e-01,4.370619615499e-01,3.615439629937e-01,1.975138406068e-01,8.583372452960e-02,-3.756157827952e-01,4.530765874592e-01,-3.755736752345e-01,1.000000000000e+00,4.376666821413e-02
b37,1.810684504243e-01,3.075111024461e-01,6.695542010279e-02,6.695540009964e-02,5.727342337390e-02,5.966955701510e-02,5.191491815968e-01,9.255522031539e-02,1.372915085786e-01,8.373341979686e-02,6.222923893595e-02,6.374667774530e-02,1.036050386667e-01,1.251712659077e-01,1.298221159717e-01,5.035206170300e-01,4.768765215692e-01,5.014037705308e-01,4.392594256446e-01,-7.242129370697e-01,-4.658500913472e-02,4.991099401315e-02,-1.659832186065e-01,2.622937273278e-02,1.925527021279e-02,-2.653971107959e-02,-4.658500913472e-02,-3.340036446515e-01,-2.564978331134e-01,-1.600864461247e-01,-1.007586371160e-01,-1.036294401816e-01,-6.286825442001e-01,7.443477510601e-01,-6.290289560164e-01,4.376666821413e-02,1.000000000000e+00
